18, 20, 23, 24, 28, 30, 31, 35, 36, 39, 42, 43, 46, 47, 50, 54, 61, 65, 66, 67, 72, 73, 78, 83, 87, 89, 98, 111, 117, 122, 126, 138, 140, 143, 152, 157
4, 9, 10, 18, 21, 23, 28, 31, 36, 43, 46, 47, 54, 64, 65, 72, 80, 95, 104, 115, 117, 126, 138, 140, 143, 149, 151, 157, 162, 165
3, 4, 5, 19, 24, 28, 30, 31, 36, 41, 47, 50, 65, 66, 67, 77, 80, 83, 86, 97, 104, 106, 117, 126, 138, 144, 151, 153, 157, 160
1, 5, 6, 8, 11, 14, 18, 24, 25, 30, 31, 36, 50, 55, 58, 66, 67, 72, 74, 80, 93, 98, 100, 102, 107, 115, 116, 117, 118, 129, 130, 138, 140, 143, 144, 145, 151, 152, 157, 160
4, 8, 13, 18, 24, 25, 28, 31, 36, 38, 39, 41, 42, 43, 47, 50, 54, 59, 61, 65, 67, 77, 86, 87, 98, 102, 111, 115, 128, 132, 141, 157, 160, 162
1, 4, 5, 13, 18, 20, 24, 28, 30, 31, 36, 47, 54, 55, 65, 66, 67, 71, 98, 104, 116, 117, 119, 126, 127, 137, 138, 140, 141, 151, 157, 160
4, 5, 9, 20, 22, 25, 28, 30, 31, 39, 44, 47, 50, 51, 54, 58, 65, 66, 67, 71, 86, 93, 94, 109, 117, 122, 126, 128, 132, 134, 142, 146, 157, 162
4, 5, 8, 18, 24, 25, 28, 31, 47, 50, 53, 54, 66, 77, 87, 93, 94, 99, 109, 112, 115, 116, 122, 129, 130, 132, 138, 144, 151, 153, 154, 158, 160
1, 4, 5, 8, 10, 11, 21, 24, 25, 28, 30, 31, 35, 39, 40, 41, 47, 54, 67, 75, 77, 78, 86, 97, 116, 117, 132, 141, 151, 152, 157, 160, 162
1, 5, 8, 9, 14, 21, 24, 28, 30, 35, 36, 43, 47, 50, 54, 65, 72, 84, 87, 89, 102, 106, 110, 112, 117, 118, 126, 128, 135, 138, 139, 140, 143, 144, 145, 151, 152, 153, 157, 160
3, 4, 5, 6, 7, 8, 11, 14, 18, 20, 24, 25, 28, 31, 34, 36, 37, 39, 43, 47, 50, 51, 54, 60, 67, 72, 75, 78, 80, 84, 90, 93, 98, 100, 101, 104, 111, 112, 117, 123, 126, 132, 138, 140, 143, 145, 151, 152, 153, 157, 160, 165
1, 5, 8, 11, 13, 28, 31, 34, 39, 43, 47, 50, 51, 53, 54, 58, 59, 61, 65, 66, 73, 76, 80, 82, 84, 90, 93, 97, 98, 100, 101, 107, 109, 111, 113, 115, 116, 117, 121, 123, 126, 128, 132, 133, 135, 137, 138, 140, 141, 146, 148, 151, 152, 157, 160, 161, 163
4, 5, 24, 29, 30, 36, 47, 71, 80, 103, 106, 112, 117, 118, 126, 140, 144, 151, 157, 160
1, 2, 4, 5, 6, 8, 11, 18, 21, 24, 25, 28, 30, 31, 36, 39, 41, 50, 51, 54, 61, 65, 66, 67, 71, 73, 75, 76, 77, 82, 87, 90, 93, 95, 106, 107, 109, 114, 116, 117, 121, 122, 126, 130, 138, 141, 144, 145, 147, 152, 153, 157, 160, 162, 163
1, 7, 8, 11, 18, 25, 28, 31, 34, 35, 41, 47, 50, 55, 61, 65, 66, 67, 75, 80, 83, 93, 95, 99, 116, 126, 138, 142, 144, 146, 160, 162, 163